1	   -0.31	    0.95	   -0.03	     Fp1
2	   -0.59	    0.81	   -0.03	     AF7
3	   -0.41	    0.87	    0.28	     AF3
4	   -0.29	    0.71	    0.64	      F1
5	   -0.55	    0.67	     0.5	      F3
6	   -0.73	    0.63	    0.26	      F5
7	   -0.81	    0.59	   -0.03	      F7
8	   -0.95	    0.31	   -0.03	     FT7
9	   -0.89	    0.34	    0.31	     FC5
10	   -0.68	    0.36	    0.64	     FC3
11	   -0.37	    0.37	    0.85	     FC1
12	   -0.39	       0	    0.92	      C1
13	   -0.72	       0	    0.69	      C3
14	   -0.93	       0	    0.36	      C5
15	      -1	       0	   -0.03	      T7
16	   -0.95	   -0.31	   -0.03	     TP7
17	   -0.89	   -0.34	    0.31	     CP5
18	   -0.68	   -0.36	    0.64	     CP3
19	   -0.37	   -0.37	    0.85	     CP1
20	   -0.29	   -0.71	    0.64	      P1
21	   -0.55	   -0.67	     0.5	      P3
22	   -0.73	   -0.63	    0.26	      P5
23	   -0.81	   -0.59	   -0.03	      P7
24	   -0.69	   -0.58	   -0.42	      P9
25	   -0.59	   -0.81	   -0.03	     PO7
26	   -0.41	   -0.87	    0.28	     PO3
27	   -0.31	   -0.95	   -0.03	      O1
28	       0	   -0.91	   -0.42	      Iz
29	       0	      -1	   -0.03	      Oz
30	       0	   -0.93	    0.36	     POz
31	       0	   -0.72	    0.69	      Pz
32	       0	   -0.39	    0.92	     CPz
33	       0	       1	   -0.03	     Fpz
34	    0.31	    0.95	   -0.03	     Fp2
35	    0.59	    0.81	   -0.03	     AF8
36	    0.41	    0.87	    0.28	     AF4
37	       0	    0.93	    0.36	     Afz
38	       0	    0.72	    0.69	      Fz
39	    0.29	    0.71	    0.64	      F2
40	    0.55	    0.67	     0.5	      F4
41	    0.73	    0.63	    0.26	      F6
42	    0.81	    0.59	   -0.03	      F8
43	    0.95	    0.31	   -0.03	     FT8
44	    0.89	    0.34	    0.31	     FC6
45	    0.68	    0.36	    0.64	     FC4
46	    0.37	    0.37	    0.85	     FC2
47	       0	    0.39	    0.92	     FCz
48	       0	       0	       1	      Cz
49	    0.39	       0	    0.92	      C2
50	    0.72	       0	    0.69	      C4
51	    0.93	       0	    0.36	      C6
52	       1	       0	   -0.03	      T8
53	    0.95	   -0.31	   -0.03	     TP8
54	    0.89	   -0.34	    0.31	     CP6
55	    0.68	   -0.36	    0.64	     CP4
56	    0.37	   -0.37	    0.85	     CP2
57	    0.29	   -0.71	    0.64	      P2
58	    0.55	   -0.67	     0.5	      P4
59	    0.73	   -0.63	    0.26	      P6
60	    0.81	   -0.59	   -0.03	      P8
61	    0.69	   -0.58	   -0.42	     P10
62	    0.59	   -0.81	   -0.03	     PO8
63	    0.41	   -0.87	    0.28	     PO4
64	    0.31	   -0.95	   -0.03	      O2
